9735.2,7338.8
9735.2,7338.8
15390,14976
15390,14976
18740,17761
19306,17763
19938,18322
19938,18322
20049,18493
20242,18531
20645,14898
20645,14898
20727,14927
20727,14927
20760,14911
20760,14911
20762,14915
20806,14923
20806,14923
20820,14923
20820,14923
20820,14923
20827,14924
20827,14924
20827,14924
20828,14924
20829,14913
20829,14913
20829,14924
20829,14924
20829,14924
20829,14924
20829,14924
20829,14924
20829,14924
20829,14924
20829,14924
20829,14924
20829,14924
20829,14924
20830,14925
20830,14925
20830,14925
20830,14925
20830,14925
20830,14925
20830,14925
20830,14925
20830,14925
20830,14925
20830,14925
20830,14925
20830,14925
20830,14925
20830,14925
20830,14925
20830,14925
20830,14925
20830,14925
20830,14925
20830,14925
20830,14925
20830,14925
20830,14925
20830,14925
20830,14925
20830,14925
20830,14925
20830,14925
20830,14925
20830,14925
20830,14925
20830,14925
20830,14925
20830,14925
20830,14925
20830,14925
20830,14925
20830,14925
20830,14925
20830,14925
20830,14925
20830,14925
20830,14925
20830,14925
20830,14925
20830,14925
20830,14925
20830,14925
20830,14925
20830,14925
20830,14925
20830,14925
20830,14925
20830,14925
20830,14925
20830,14925
20830,14925
20830,14925
20830,14925
20830,14925
20830,14925
20830,14925
20830,14925
20830,14925
20830,14925
20830,14925
20830,14925
20830,14925
20830,14925
20830,14925
20830,14925
20830,14925
20830,14925
20830,14925
20830,14925
20830,14925
20830,14925
20830,14925
20830,14925
20830,14925
20830,14925
20830,14925
20830,14925
20830,14925
20830,14925
20830,14925
20830,14925
20830,14925
20830,14925
20830,14925
20830,14925
20830,14925
20830,14925
20830,14925
20830,14925
20830,14925
20830,14925
20830,14925
20830,14925
20830,14925
20830,14925
20830,14925
20830,14925
20830,14925
20830,14925
20830,14925
20830,14925
20830,14925
20830,14925
20830,14925
20830,14925
20830,14925
20830,14925
20830,14925
20830,14925
20830,14925
20830,14925
20830,14925
20830,14925
20830,14925
20830,14925
20830,14925
20830,14925
20830,14925
20830,14925
20830,14925
20830,14925
20830,14925
20830,14925
20830,14925
20830,14925
20830,14925
20830,14925
20830,14925
20830,14925
20830,14925
20830,14925
20830,14925
20830,14925
20830,14925
20830,14925
20830,14925
20830,14925
20830,14925
20830,14925
20830,14925
20830,14925
20830,14925
20830,14925
20830,14925
20830,14925
20830,14925
20830,14925
20830,14925
20830,14925
20830,14925
20830,14925
20830,14925
20830,14925
20830,14925
20830,14925
20830,14925
20830,14925
20830,14925
20830,14925
20830,14925
20830,14925
20830,14925
20830,14925
20830,14925
20830,14925
20830,14925
20830,14925
20830,14925
20830,14925
20830,14925
20830,14925
20830,14925
20830,14925
20830,14925
20830,14925
20830,14925
20830,14925
20830,14925
20830,14925
20830,14925
20830,14925
20830,14925
20830,14925
20830,14925
20830,14925
20830,14925
20830,14925
20830,14925
20830,14925
20830,14925
20830,14925
20830,14925
20839,14931
20839,14931
20951,14936
20976,14979
20976,14979
20994,14968
21019,14985
21019,14985
21020,14988
21020,14988
21020,14988
21020,14988
21020,14988
21020,14988
21020,14988
21020,14988
21020,14988
21021,14988
21021,14988
21033,14991
21033,14991
21034,14990
21034,14990
21034,14990
21034,14990
21035,14991
21035,14991
21035,14991
21035,14991
21035,14991
21035,14991
21035,14991
21035,14991
21035,14991
21035,14991
21036,14989
21036,14989
21037,14987
21037,14987
21037,14987
21037,14987
21037,14987
21037,14987
21037,14987
21037,14987
21037,14987
21037,14987
21037,14987
21037,14987
21037,14987
21037,14987
21037,14987
21037,14987
21037,14987
21037,14987
21037,14987
21037,14987
21037,14987
21037,14987
21037,14987
21037,14987
21037,14987
21037,14987
21037,14987
21037,14987
21037,14987
21037,14987
21037,14987
21037,14987
21037,14987
21037,14987
21037,14987
21037,14987
21037,14987
21037,14987
21037,14987
21037,14987
21037,14987
21037,14987
21037,14987
21037,14987
21037,14987
21037,14987
21037,14987
21037,14987
21037,14987
21037,14987
21037,14987
21037,14987
21037,14987
21037,14987
21037,14987
21037,14987
21037,14987
21037,14987
21037,14987
21037,14987
21037,14987
21037,14987
21037,14987
21037,14987
21037,14987
21037,14987
21037,14987
21037,14987
21037,14987
21037,14987
21037,14987
21037,14987
21037,14987
21037,14987
21037,14987
21037,14987
21037,14987
21037,14987
21037,14987
21037,14987
21037,14987
21037,14987
21037,14987
21037,14987
21037,14987
21037,14987
21037,14987
21037,14987
21037,14987
21037,14987
21037,14987
21037,14987
21037,14987
21037,14987
21037,14987
21037,14987
21037,14987
21037,14987
21037,14987
21037,14987
21037,14987
21037,14987
21037,14987
21037,14987
21037,14987
21037,14987
21037,14987
21037,14987
21037,14987
21037,14987
21037,14987
21037,14987
21037,14987
21037,14987
21037,14987
21037,14987
21037,14987
21037,14987
21037,14987
21037,14987
21037,14987
21037,14987
21037,14987
21037,14987
21037,14987
21037,14987
21037,14987
21037,14987
21037,14987
21037,14987
21037,14987
21037,14987
21037,14987
21037,14987
21037,14987
21037,14987
21037,14987
21037,14987
21037,14987
21037,14987
21037,14987
21037,14987
21037,14987
21037,14987
21037,14987
21037,14987
21037,14987
21037,14987
21037,14987
21037,14987
21037,14987
21037,14987
21037,14987
21037,14987
21037,14987
21037,14987
21037,14987
21037,14987
21037,14987
21037,14987
21037,14987
21037,14987
21037,14987
21037,14987
21037,14987
21037,14987
21037,14987
21037,14987
21037,14987
21037,14987
21037,14987
21037,14987
21037,14987
21037,14987
21037,14987
21037,14987
21037,14987
21037,14987
21037,14987
21037,14983
21037,14983
21037,14983
21037,14983
21037,14983
21037,14983
21039,14983
21039,14983
21039,14983
21039,14983
21039,14983
21039,14983
21039,14983
21039,14983
21039,14983
21039,14983
21039,14983
21039,14983
21039,14983
21039,14983
21039,14983
21039,14983
21039,14983
21039,14983
21039,14983
21039,14983
21040,14983
21040,14983
21040,14983
21040,14983
21040,14983
21040,14983
21040,14983
21040,14983
21040,14983
21040,14983
21040,14983
21040,14983
21040,14983
21040,14983
21040,14983
21040,14983
21040,14983
21040,14983
21040,14983
21040,14983
21040,14984
21040,14984
21040,14984
21040,14984
21040,14984
21040,14984
21040,14984
21040,14984
21040,14984
21040,14984
21040,14984
21040,14984
21040,14984
21040,14984
21040,14984
21040,14984
21040,14984
21040,14984
21040,14984
21040,14984
21040,14984
21040,14984
21040,14984
21040,14984
21040,14984
21040,14984
21040,14984
21040,14984
21040,14984
21040,14984
21040,14984
21040,14984
21040,14984
21040,14984
21040,14984
21040,14984
21040,14984
21040,14984
21040,14984
21040,14984
21040,14984
21040,14984
21040,14984
21040,14984
21040,14984
21040,14984
21040,14984
21040,14984
21040,14984
21040,14984
21040,14984
21040,14984
21040,14984
21040,14984
21040,14984
21040,14984
21040,14984
21040,14984
21040,14984
21040,14984
21040,14984
21040,14984
21040,14984
21040,14984
21040,14984
21040,14984
21040,14984
21040,14984
21040,14984
21040,14984
21040,14984
21040,14984
21040,14984
21040,14984
21040,14984
21040,14984
21040,14984
21040,14984
21040,14984
21040,14984
21040,14984
21040,14984
21040,14984
21040,14984
21040,14984
21040,14984
21040,14984
21040,14984
21040,14984
21040,14984
21040,14984
21040,14984
21040,14984
21040,14984
21040,14984
21040,14984
21040,14984
21040,14984
21040,14984
21040,14984
21040,14984
21040,14984
21040,14984
21040,14984
21040,14984
21040,14984
21040,14984
21040,14984
21040,14984
21040,14984
21040,14984
21040,14984
21040,14984
21040,14984
21040,14984
21040,14984
21040,14984
21040,14984
21040,14984
21040,14984
21040,14984
21040,14984
21040,14984
21040,14984
21040,14984
21040,14984
21040,14984
21040,14984
21040,14984
21040,14984
21040,14984
21040,14984
21040,14984
21040,14984
21040,14984
21049,14993
21049,14993
21049,14993
21049,14993
21049,14993
21049,14993
21049,14993
21049,14993
21049,14993
21049,14993
21049,14993
21049,14993
21049,14993
21049,14993
21049,14993
21049,14993
21049,14993
21049,14993
21049,14993
21049,14993
21049,14993
21049,14993
21049,14993
21049,14993
21049,14993
21049,14993
21049,14993
21049,14993
21049,14993
21049,14993
21049,14993
21049,14993
21049,14993
21049,14993
21049,14993
21049,14993
21049,14993
21049,14993
21049,14993
21049,14993
21049,14993
21049,14993
21049,14993
21049,14993
21049,14993
21049,14993
21049,14993
21049,14993
21049,14993
21049,14993
21049,14993
21049,14993
21049,14993
21049,14993
21049,14993
21049,14993
21049,14993
21049,14993
21049,14993
21049,14993
21049,14993
21049,14993
21049,14993
21049,14993
21049,14993
21049,14993
21049,14993
21049,14993
21049,14993
21049,14993
21049,14993
21049,14993
21049,14993
21049,14993
21049,14993
21049,14993
21049,14993
21049,14993
21049,14993
21049,14993
21049,14993
21049,14993
21049,14993
21049,14993
21049,14993
21049,14993
21049,14993
21049,14993
21049,14993
21049,14993
21049,14993
21049,14993
21049,14993
21049,14993
21049,14993
21049,14993
21049,14993
21049,14993
21049,14993
21049,14993
21049,14993
21049,14993
21049,14993
21049,14993
21049,14993
21049,14993
21049,14993
21049,14993
21049,14993
21049,14993
21049,14993
21049,14993
21049,14993
21049,14993
21049,14993
21049,14993
21049,14993
21049,14993
21049,14993
21049,14993
21049,14993
21049,14993
21049,14993
21049,14993
21049,14993
21049,14993
21049,14993
21049,14993
21049,14993
21049,14993
21049,14993
21049,14993
21049,14993
21049,14993
21049,14993
21049,14993
21049,14993
21049,14993
21049,14993
21049,14993
21049,14993
21049,14993
21049,14993
21049,14993
21049,14993
21049,14993
21049,14993
21049,14993
21049,14993
21049,14993
21049,14993
21049,14993
21049,14993
21049,14993
21049,14993
21049,14993
21049,14993
21049,14993
21049,14993
21049,14993
21049,14993
21049,14993
21049,14993
21049,14993
21049,14993
21049,14993
21049,14993
21049,14993
21049,14993
21049,14993
21049,14993
21049,14993
21049,14993
21049,14993
21049,14993
21049,14993
21049,14993
21049,14993
21049,14993
21049,14993
21049,14993
21049,14993
21049,14993
21049,14993
21049,14993
21049,14993
21049,14993
21049,14993
21049,14993
21049,14993
21049,14993
21049,14993
21049,14993
21049,14993
21049,14993
21049,14993
21049,14993
21049,14993
21049,14993
21049,14993
21049,14993
21049,14993
21049,14993
21049,14993
21049,14993
21049,14993
21049,14993
21056,15029
21056,15029
21056,15029
21057,15035
21062,15031
21062,15031
21062,15031
21062,15033
21062,15033
21064,15032
21065,15018
21065,15018
21065,15018
21065,15018
21069,15036
21069,15036
21069,15036
21069,15036
21069,15036
21069,15036
21069,15036
21069,15036
21069,15036
21069,15036
21069,15036
21069,15036
21069,15036
21069,15036
21069,15036
21069,15036
21069,15036
21069,15036
21069,15036
21069,15036
21069,15036
21069,15036
21069,15036
21069,15036
21069,15036
21069,15036
21069,15036
21069,15036
21069,15036
21069,15036
21069,15036
21069,15036
21069,15036
21069,15036
21069,15036
21069,15036
21069,15036
21069,15036
21069,15036
21069,15036
21069,15036
21069,15036
21069,15036
21069,15036
21069,15036
21069,15036
21069,15036
21069,15036
21069,15036
21069,15036
21069,15036
21069,15036
21069,15036
21069,15036
21069,15036
21069,15036
21069,15036
21069,15036
21069,15036
21069,15036
21069,15036
21069,15036
21069,15036
21069,15036
21069,15036
21069,15036
21069,15036
21069,15036
21069,15036
21069,15036
21069,15036
21069,15036
21069,15036
21069,15036
21069,15036
21069,15036
21069,15036
21069,15036
21069,15036
21069,15036
21069,15036
21069,15036
21069,15036
21069,15036
21069,15036
21069,15036
21069,15036
21069,15036
21069,15036
21069,15036
21069,15036
21069,15036
21069,15036
21069,15036
21069,15036
21069,15036
21070,15033
21070,15033
21070,15033
21070,15033
21070,15033
21070,15033
21070,15033
21070,15033
21070,15033
21070,15033
21070,15033
21070,15033
21070,15033
21070,15033
21070,15033
21070,15033
21070,15033
21070,15033
21070,15033
21070,15033
21070,15033
21070,15033
21070,15033
21070,15033
21070,15033
21070,15033
21070,15033
21070,15033
21070,15033
21070,15033
21070,15033
21070,15033
21070,15033
21070,15033
21070,15033
21070,15033
21070,15033
21070,15033
21070,15033
21070,15033
21070,15033
21070,15033
21070,15033
21070,15033
21070,15033
21070,15033
21070,15033
